[Settings]
SourceMode=0
LayoutPreset=5
SizePreset=3
CustomWidth=306
CustomHeight=132
CustomX=978
CustomY=626
BarCount=48
Gain=0.250000
Smoothing=0.700000
GraphStyle=0
VisibilityBoost=1.200000
RenderDeviceIndex=-1
CaptureDeviceIndex=-1
Visible=1
Rotation=0
Mirrored=1
ColorMode=0
KeepVisible=1
Centered=0
SpacingPreset=2
ColorTop=0.800000,0.800000,0.800000,0.950000
ColorBot=0.300000,0.300000,0.300000,0.600000
